Record #:  2
Notes :
rest

2026-03-195:32:25 PMRecord #:  2
Notes :
rest

2026-03-195:32:25 PM
Histogram Data


CH1
-60.078781E-3	-45.464613E-3	-30.850446E-3	-16.236279E-3	-1.622112E-3	12.992055E-3	27.606223E-3	42.220390E-3	56.834557E-3	71.448724E-3
23.000000E+0	27.000000E+0	17.968000E+3	26.173000E+3	122.258000E+3	21.792000E+3	11.641000E+3	39.000000E+0	37.000000E+0	42.000000E+0

CH2
-360.000002E-3	-280.000007E-3	-200.000012E-3	-120.000017E-3	-40.000021E-3	39.999974E-3	119.999969E-3	199.999964E-3	279.999959E-3	359.999955E-3
48.640000E+3	4.475000E+3	4.694000E+3	5.439000E+3	58.452000E+3	31.452000E+3	6.052000E+3	5.161000E+3	4.905000E+3	30.730000E+3

CH3
-83.852000E-3	-66.932187E-3	-50.012374E-3	-33.092561E-3	-16.172748E-3	747.065544E-6	17.666879E-3	34.586692E-3	51.506505E-3	68.426318E-3
42.000000E+0	35.000000E+0	36.000000E+0	11.385000E+3	26.581000E+3	113.762000E+3	29.588000E+3	18.524000E+3	27.000000E+0	20.000000E+0

CH4
-114.130573E-3	-92.834320E-3	-71.538067E-3	-50.241814E-3	-28.945560E-3	-7.649307E-3	13.646946E-3	34.943199E-3	56.239452E-3	77.535706E-3
47.000000E+0	27.000000E+0	31.000000E+0	8.789000E+3	22.279000E+3	108.608000E+3	32.590000E+3	27.008000E+3	588.000000E+0	33.000000E+0

CH5
-53.691556E-3	-5.934556E-3	41.822445E-3	89.579446E-3	137.336447E-3	185.093448E-3	232.850449E-3	280.607450E-3	328.364451E-3	376.121452E-3
12.000000E+0	53.384000E+3	6.298000E+3	3.946000E+3	3.262000E+3	3.079000E+3	2.930000E+3	2.893000E+3	2.975000E+3	121.221000E+3

CH6
-360.000002E-3	-280.000007E-3	-200.000012E-3	-120.000017E-3	-40.000021E-3	39.999974E-3	119.999969E-3	199.999964E-3	279.999959E-3	359.999955E-3
32.000000E+0	273.000000E+0	3.472000E+3	6.529000E+3	49.619000E+3	12.773000E+3	8.834000E+3	31.460000E+3	31.828000E+3	55.180000E+3

CH7
-360.000002E-3	-280.000007E-3	-200.000012E-3	-120.000017E-3	-40.000021E-3	39.999974E-3	119.999969E-3	199.999964E-3	279.999959E-3	359.999955E-3
1.330000E+3	2.815000E+3	5.830000E+3	5.165000E+3	30.899000E+3	19.418000E+3	5.761000E+3	5.025000E+3	8.259000E+3	115.498000E+3

CH8
-167.104459E-3	-116.913104E-3	-66.721749E-3	-16.530395E-3	33.660960E-3	83.852315E-3	134.043670E-3	184.235024E-3	234.426379E-3	284.617734E-3
1.538000E+3	6.108000E+3	8.763000E+3	107.438000E+3	35.859000E+3	18.942000E+3	11.919000E+3	5.941000E+3	2.916000E+3	576.000000E+0
