Record #:  1
Notes :
open-close

2026-03-195:29:33 PMRecord #:  1
Notes :
open-close

2026-03-195:29:33 PM
Histogram Data


CH1
-39.475789E-3	-32.034965E-3	-24.594140E-3	-17.153316E-3	-9.712491E-3	-2.271667E-3	5.169158E-3	12.609982E-3	20.050807E-3	27.491632E-3
280.000000E+0	8.026000E+3	5.936000E+3	5.589000E+3	28.796000E+3	114.521000E+3	18.129000E+3	8.766000E+3	4.606000E+3	5.351000E+3

CH2
-360.000002E-3	-280.000007E-3	-200.000012E-3	-120.000017E-3	-40.000021E-3	39.999974E-3	119.999969E-3	199.999964E-3	279.999959E-3	359.999955E-3
50.123000E+3	4.904000E+3	5.080000E+3	5.825000E+3	47.590000E+3	28.372000E+3	8.008000E+3	6.237000E+3	5.329000E+3	38.532000E+3

CH3
-51.011634E-3	-38.872552E-3	-26.733470E-3	-14.594388E-3	-2.455306E-3	9.683776E-3	21.822858E-3	33.961940E-3	46.101022E-3	58.240104E-3
3.558000E+3	6.021000E+3	5.863000E+3	23.593000E+3	99.725000E+3	31.431000E+3	12.023000E+3	5.562000E+3	9.669000E+3	2.555000E+3

CH4
-77.295709E-3	-59.367061E-3	-41.438413E-3	-23.509765E-3	-5.581117E-3	12.347531E-3	30.276179E-3	48.204827E-3	66.133475E-3	84.062123E-3
3.015000E+3	4.258000E+3	2.213000E+3	25.618000E+3	105.382000E+3	38.574000E+3	7.959000E+3	3.407000E+3	7.792000E+3	1.782000E+3

CH5
-119.429057E-3	-64.752319E-3	-10.075581E-3	44.601157E-3	99.277894E-3	153.954632E-3	208.631370E-3	263.308108E-3	317.984846E-3	372.661583E-3
7.000000E+0	39.000000E+0	51.911000E+3	7.421000E+3	4.671000E+3	4.222000E+3	3.689000E+3	3.859000E+3	3.382000E+3	120.799000E+3

CH6
-88.706281E-3	-37.263520E-3	14.179242E-3	65.622003E-3	117.064764E-3	168.507526E-3	219.950287E-3	271.393049E-3	322.835810E-3	374.278572E-3
85.000000E+0	1.114000E+3	55.920000E+3	4.937000E+3	4.067000E+3	3.636000E+3	3.465000E+3	3.371000E+3	3.109000E+3	120.296000E+3

CH7
-360.000002E-3	-280.000007E-3	-200.000012E-3	-120.000017E-3	-40.000021E-3	39.999974E-3	119.999969E-3	199.999964E-3	279.999959E-3	359.999955E-3
52.187000E+3	8.655000E+3	6.653000E+3	6.001000E+3	7.523000E+3	11.209000E+3	8.177000E+3	9.561000E+3	12.089000E+3	77.945000E+3

CH8
-360.000002E-3	-280.000007E-3	-200.000012E-3	-120.000017E-3	-40.000021E-3	39.999974E-3	119.999969E-3	199.999964E-3	279.999959E-3	359.999955E-3
148.000000E+0	916.000000E+0	3.478000E+3	7.182000E+3	57.422000E+3	34.109000E+3	20.906000E+3	21.264000E+3	15.554000E+3	39.021000E+3
