Record #:  0
Notes :
hand gesture at rest

2026-03-215:12:04 PMRecord #:  0
Notes :
hand gesture at rest

2026-03-215:12:04 PM
Histogram Data


CH1
-109.224145E-3	-82.268574E-3	-55.313003E-3	-28.357432E-3	-1.401861E-3	25.553710E-3	52.509282E-3	79.464853E-3	106.420424E-3	133.375995E-3
4.038000E+3	11.956000E+3	10.599000E+3	10.150000E+3	95.441000E+3	26.451000E+3	14.150000E+3	10.173000E+3	11.645000E+3	5.397000E+3

CH2
-41.110039E-3	-31.264210E-3	-21.418381E-3	-11.572552E-3	-1.726723E-3	8.119106E-3	17.964935E-3	27.810764E-3	37.656593E-3	47.502422E-3
8.846000E+3	10.212000E+3	9.975000E+3	26.072000E+3	88.352000E+3	27.258000E+3	10.065000E+3	10.242000E+3	8.976000E+3	2.000000E+0

CH3
-303.923471E-3	-238.547966E-3	-173.172462E-3	-107.796957E-3	-42.421453E-3	22.954051E-3	88.329556E-3	153.705060E-3	219.080565E-3	284.456069E-3
7.595000E+3	11.980000E+3	10.612000E+3	18.278000E+3	21.414000E+3	91.977000E+3	11.079000E+3	11.367000E+3	12.804000E+3	2.894000E+3

CH4
-108.656700E-3	-81.574366E-3	-54.492033E-3	-27.409699E-3	-327.365398E-6	26.754968E-3	53.837302E-3	80.919635E-3	108.001969E-3	135.084302E-3
1.587000E+3	9.277000E+3	18.695000E+3	16.994000E+3	85.390000E+3	23.658000E+3	19.553000E+3	11.476000E+3	11.655000E+3	1.715000E+3

CH5
-339.768147E-3	-267.872119E-3	-195.976090E-3	-124.080062E-3	-52.184033E-3	19.711995E-3	91.608024E-3	163.504052E-3	235.400081E-3	307.296109E-3
4.673000E+3	12.638000E+3	15.179000E+3	9.941000E+3	25.940000E+3	74.002000E+3	16.254000E+3	12.873000E+3	22.649000E+3	5.851000E+3

CH6
-171.246200E-3	-125.503793E-3	-79.761386E-3	-34.018979E-3	11.723428E-3	57.465835E-3	103.208241E-3	148.950648E-3	194.693055E-3	240.435462E-3
2.098000E+3	6.403000E+3	15.534000E+3	18.926000E+3	110.808000E+3	21.655000E+3	16.236000E+3	5.026000E+3	2.425000E+3	889.000000E+0

CH7
-19.983222E-3	-14.090235E-3	-8.197248E-3	-2.304261E-3	3.588727E-3	9.481714E-3	15.374701E-3	21.267688E-3	27.160676E-3	33.053663E-3
2.136000E+3	8.095000E+3	19.008000E+3	108.507000E+3	20.516000E+3	13.639000E+3	12.395000E+3	8.072000E+3	5.584000E+3	2.048000E+3

CH8
-344.189539E-3	-280.377264E-3	-216.564989E-3	-152.752714E-3	-88.940439E-3	-25.128164E-3	38.684111E-3	102.496386E-3	166.308661E-3	230.120935E-3
6.036000E+3	15.122000E+3	11.035000E+3	11.546000E+3	14.332000E+3	103.430000E+3	17.809000E+3	17.337000E+3	3.350000E+3	3.000000E+0
