Record #:  2
Notes :
hand gesture 2

2026-03-215:24:04 PMRecord #:  2
Notes :
hand gesture 2

2026-03-215:24:04 PM
Histogram Data


CH1
-22.119644E-3	-14.703257E-3	-7.286870E-3	129.516125E-6	7.545903E-3	14.962289E-3	22.378676E-3	29.795063E-3	37.211449E-3	44.627836E-3
18.676000E+3	18.901000E+3	14.005000E+3	86.713000E+3	5.705000E+3	5.210000E+3	9.403000E+3	14.401000E+3	14.130000E+3	12.856000E+3

CH2
-10.240548E-3	-7.770612E-3	-5.300677E-3	-2.830741E-3	-360.805988E-6	2.109129E-3	4.579065E-3	7.049000E-3	9.518936E-3	11.988871E-3
10.511000E+3	27.892000E+3	20.501000E+3	4.741000E+3	65.441000E+3	5.241000E+3	4.130000E+3	29.406000E+3	21.325000E+3	10.812000E+3

CH3
-75.681992E-3	-63.125954E-3	-50.569916E-3	-38.013878E-3	-25.457840E-3	-12.901802E-3	-345.764160E-6	12.210274E-3	24.766312E-3	37.322350E-3
8.398000E+3	11.497000E+3	11.115000E+3	12.889000E+3	8.665000E+3	15.875000E+3	88.506000E+3	14.129000E+3	15.681000E+3	13.245000E+3

CH4
-81.165988E-3	-61.589262E-3	-42.012537E-3	-22.435811E-3	-2.859085E-3	16.717641E-3	36.294367E-3	55.871093E-3	75.447819E-3	95.024545E-3
24.588000E+3	15.632000E+3	12.082000E+3	8.253000E+3	76.503000E+3	6.292000E+3	5.142000E+3	7.922000E+3	19.932000E+3	23.654000E+3

CH5
-3.773189E-3	-743.412971E-6	2.286363E-3	5.316138E-3	8.345914E-3	11.375690E-3	14.405465E-3	17.435241E-3	20.465016E-3	23.494792E-3
1.783000E+3	105.444000E+3	28.226000E+3	7.565000E+3	2.915000E+3	3.734000E+3	12.064000E+3	16.195000E+3	15.099000E+3	6.975000E+3

CH6
-154.985645E-3	-120.837767E-3	-86.689889E-3	-52.542012E-3	-18.394134E-3	15.753744E-3	49.901621E-3	84.049499E-3	118.197377E-3	152.345254E-3
10.267000E+3	15.029000E+3	7.610000E+3	5.274000E+3	20.272000E+3	88.326000E+3	12.090000E+3	11.092000E+3	17.552000E+3	12.488000E+3

CH7
-55.665703E-3	-43.498478E-3	-31.331253E-3	-19.164028E-3	-6.996803E-3	5.170422E-3	17.337646E-3	29.504871E-3	41.672096E-3	53.839321E-3
11.101000E+3	17.829000E+3	6.044000E+3	4.619000E+3	14.730000E+3	87.776000E+3	6.348000E+3	9.025000E+3	22.750000E+3	19.778000E+3

CH8
-333.874917E-3	-267.239070E-3	-200.603223E-3	-133.967376E-3	-67.331529E-3	-695.681572E-6	65.940166E-3	132.576013E-3	199.211860E-3	265.847707E-3
22.535000E+3	6.607000E+3	5.463000E+3	10.107000E+3	14.788000E+3	98.778000E+3	7.652000E+3	5.494000E+3	7.640000E+3	20.936000E+3
