Record #:  1
Notes :
hand gestur?1

2026-03-215:19:23 PMRecord #:  1
Notes :
hand gestur?1

2026-03-215:19:23 PM
Histogram Data


CH1
-15.238743E-3	-9.544888E-3	-3.851032E-3	1.842823E-3	7.536678E-3	13.230534E-3	18.924389E-3	24.618244E-3	30.312099E-3	36.005955E-3
8.644000E+3	17.631000E+3	16.284000E+3	82.594000E+3	16.639000E+3	15.736000E+3	11.268000E+3	10.569000E+3	12.577000E+3	8.058000E+3

CH2
-15.139990E-3	-11.607256E-3	-8.074522E-3	-4.541788E-3	-1.009054E-3	2.523680E-3	6.056414E-3	9.589148E-3	13.121881E-3	16.654615E-3
4.202000E+3	14.954000E+3	24.756000E+3	20.349000E+3	63.201000E+3	6.682000E+3	29.013000E+3	18.535000E+3	13.536000E+3	4.772000E+3

CH3
-62.523971E-3	-52.180486E-3	-41.837001E-3	-31.493516E-3	-21.150031E-3	-10.806546E-3	-463.061333E-6	9.880424E-3	20.223908E-3	30.567393E-3
5.806000E+3	9.706000E+3	13.295000E+3	16.869000E+3	14.408000E+3	15.597000E+3	81.733000E+3	21.180000E+3	17.258000E+3	4.148000E+3

CH4
-62.570813E-3	-44.822557E-3	-27.074301E-3	-9.326046E-3	8.422210E-3	26.170466E-3	43.918722E-3	61.666977E-3	79.415233E-3	97.163489E-3
8.160000E+3	27.258000E+3	18.741000E+3	17.892000E+3	68.801000E+3	5.032000E+3	5.957000E+3	14.033000E+3	17.594000E+3	16.532000E+3

CH5
-46.538138E-3	-35.146928E-3	-23.755717E-3	-12.364507E-3	-973.296165E-6	10.417914E-3	21.809125E-3	33.200336E-3	44.591546E-3	55.982757E-3
7.596000E+3	25.030000E+3	8.135000E+3	7.849000E+3	88.699000E+3	5.823000E+3	5.038000E+3	7.971000E+3	23.064000E+3	20.795000E+3

CH6
-90.671899E-3	-69.581921E-3	-48.491943E-3	-27.401965E-3	-6.311986E-3	14.777992E-3	35.867970E-3	56.957948E-3	78.047926E-3	99.137905E-3
6.688000E+3	13.866000E+3	11.956000E+3	7.186000E+3	98.016000E+3	11.878000E+3	11.923000E+3	15.065000E+3	15.046000E+3	8.376000E+3

CH7
-61.834111E-3	-48.246665E-3	-34.659219E-3	-21.071773E-3	-7.484326E-3	6.103120E-3	19.690566E-3	33.278012E-3	46.865458E-3	60.452905E-3
6.586000E+3	23.251000E+3	7.049000E+3	5.463000E+3	18.274000E+3	81.605000E+3	6.533000E+3	9.097000E+3	25.849000E+3	16.293000E+3

CH8
-289.842701E-3	-234.603310E-3	-179.363918E-3	-124.124527E-3	-68.885136E-3	-13.645744E-3	41.593647E-3	96.833038E-3	152.072430E-3	207.311821E-3
17.813000E+3	11.997000E+3	5.971000E+3	9.131000E+3	13.167000E+3	95.571000E+3	10.111000E+3	5.985000E+3	12.610000E+3	17.644000E+3
