Record #:  3
Notes :


2026-03-215:49:07 PMRecord #:  3
Notes :


2026-03-215:49:07 PM
Histogram Data


CH1
-49.412820E-3	-35.445111E-3	-21.477401E-3	-7.509692E-3	6.458018E-3	20.425727E-3	34.393437E-3	48.361146E-3	62.328856E-3	76.296566E-3
26.037000E+3	16.412000E+3	10.332000E+3	14.180000E+3	92.299000E+3	5.010000E+3	4.045000E+3	6.556000E+3	15.080000E+3	10.049000E+3

CH2
-39.844863E-3	-28.843787E-3	-17.842710E-3	-6.841633E-3	4.159443E-3	15.160520E-3	26.161597E-3	37.162673E-3	48.163750E-3	59.164827E-3
6.575000E+3	11.046000E+3	14.759000E+3	20.088000E+3	101.127000E+3	12.713000E+3	12.688000E+3	10.751000E+3	9.525000E+3	728.000000E+0

CH3
-146.208081E-3	-115.628390E-3	-85.048699E-3	-54.469008E-3	-23.889318E-3	6.690373E-3	37.270064E-3	67.849755E-3	98.429446E-3	129.009137E-3
10.509000E+3	10.278000E+3	9.708000E+3	19.108000E+3	14.313000E+3	96.174000E+3	9.285000E+3	9.884000E+3	10.426000E+3	10.315000E+3

CH4
-70.668721E-3	-54.162669E-3	-37.656617E-3	-21.150565E-3	-4.644513E-3	11.861539E-3	28.367591E-3	44.873643E-3	61.379695E-3	77.885747E-3
13.897000E+3	17.199000E+3	5.549000E+3	6.678000E+3	92.603000E+3	8.005000E+3	8.153000E+3	8.316000E+3	17.950000E+3	21.650000E+3

CH5
-4.992292E-3	-1.907818E-3	1.176655E-3	4.261129E-3	7.345603E-3	10.430076E-3	13.514550E-3	16.599023E-3	19.683497E-3	22.767971E-3
3.792000E+3	13.520000E+3	110.069000E+3	15.156000E+3	4.106000E+3	7.135000E+3	15.827000E+3	13.930000E+3	10.937000E+3	5.528000E+3

CH6
-245.158489E-3	-191.004107E-3	-136.849725E-3	-82.695343E-3	-28.540962E-3	25.613420E-3	79.767802E-3	133.922184E-3	188.076565E-3	242.230947E-3
15.755000E+3	10.275000E+3	4.860000E+3	5.042000E+3	17.498000E+3	102.418000E+3	9.506000E+3	5.253000E+3	7.837000E+3	21.556000E+3

CH7
-360.000002E-3	-280.000007E-3	-200.000012E-3	-120.000017E-3	-40.000021E-3	39.999974E-3	119.999969E-3	199.999964E-3	279.999959E-3	359.999955E-3
45.711000E+3	4.903000E+3	4.979000E+3	5.594000E+3	64.750000E+3	34.313000E+3	5.751000E+3	5.086000E+3	4.913000E+3	24.000000E+3

CH8
-360.000002E-3	-280.000007E-3	-200.000012E-3	-120.000017E-3	-40.000021E-3	39.999974E-3	119.999969E-3	199.999964E-3	279.999959E-3	359.999955E-3
22.963000E+3	5.415000E+3	5.574000E+3	9.581000E+3	89.129000E+3	31.500000E+3	5.785000E+3	5.308000E+3	5.823000E+3	18.922000E+3
