Record #:  4
Notes :


2026-03-215:54:27 PMRecord #:  4
Notes :


2026-03-215:54:27 PM
Histogram Data


CH1
-60.890369E-3	-43.718662E-3	-26.546955E-3	-9.375248E-3	7.796459E-3	24.968166E-3	42.139874E-3	59.311581E-3	76.483288E-3	93.654995E-3
23.959000E+3	20.993000E+3	10.223000E+3	12.572000E+3	76.455000E+3	15.492000E+3	5.948000E+3	7.257000E+3	16.904000E+3	10.197000E+3

CH2
-46.827893E-3	-34.075751E-3	-21.323609E-3	-8.571467E-3	4.180675E-3	16.932817E-3	29.684958E-3	42.437100E-3	55.189242E-3	67.941384E-3
10.207000E+3	16.151000E+3	14.730000E+3	13.940000E+3	88.262000E+3	11.235000E+3	14.517000E+3	11.925000E+3	13.608000E+3	5.425000E+3

CH3
-147.844927E-3	-117.594459E-3	-87.343991E-3	-57.093523E-3	-26.843054E-3	3.407414E-3	33.657882E-3	63.908350E-3	94.158819E-3	124.409287E-3
4.470000E+3	12.459000E+3	10.975000E+3	14.076000E+3	20.968000E+3	93.524000E+3	13.763000E+3	10.992000E+3	12.567000E+3	6.206000E+3

CH4
-48.002527E-3	-31.875603E-3	-15.748680E-3	378.243923E-6	16.505167E-3	32.632091E-3	48.759015E-3	64.885938E-3	81.012862E-3	97.139785E-3
24.463000E+3	26.700000E+3	9.776000E+3	76.667000E+3	5.322000E+3	4.467000E+3	6.859000E+3	17.303000E+3	26.696000E+3	1.747000E+3

CH5
-42.594974E-3	-31.834128E-3	-21.073282E-3	-10.312436E-3	448.410511E-6	11.209257E-3	21.970103E-3	32.730949E-3	43.491795E-3	54.252641E-3
8.303000E+3	16.173000E+3	10.395000E+3	6.323000E+3	98.177000E+3	7.787000E+3	8.830000E+3	10.844000E+3	22.316000E+3	10.852000E+3

CH6
-178.300014E-3	-139.862294E-3	-101.424575E-3	-62.986856E-3	-24.549136E-3	13.888583E-3	52.326303E-3	90.764022E-3	129.201741E-3	167.639461E-3
15.727000E+3	12.560000E+3	4.580000E+3	4.679000E+3	16.300000E+3	90.116000E+3	17.377000E+3	6.963000E+3	13.136000E+3	18.562000E+3

CH7
-360.000002E-3	-280.000007E-3	-200.000012E-3	-120.000017E-3	-40.000021E-3	39.999974E-3	119.999969E-3	199.999964E-3	279.999959E-3	359.999955E-3
60.696000E+3	5.369000E+3	5.465000E+3	6.061000E+3	58.377000E+3	21.841000E+3	6.352000E+3	4.884000E+3	4.672000E+3	26.283000E+3

CH8
-180.399384E-3	-143.698020E-3	-106.996655E-3	-70.295291E-3	-33.593926E-3	3.107438E-3	39.808803E-3	76.510167E-3	113.211532E-3	149.912896E-3
6.810000E+3	14.422000E+3	10.681000E+3	7.976000E+3	19.681000E+3	102.470000E+3	6.172000E+3	7.363000E+3	15.232000E+3	9.193000E+3
