Record #:  5
Notes :


2026-03-215:58:29 PMRecord #:  5
Notes :


2026-03-215:58:29 PM
Histogram Data


CH1
-75.822856E-3	-56.262476E-3	-36.702096E-3	-17.141716E-3	2.418664E-3	21.979043E-3	41.539423E-3	61.099803E-3	80.660183E-3	100.220563E-3
32.613000E+3	8.602000E+3	10.385000E+3	10.011000E+3	97.337000E+3	4.540000E+3	3.451000E+3	3.555000E+3	6.011000E+3	23.495000E+3

CH2
-63.838720E-3	-46.781874E-3	-29.725027E-3	-12.668180E-3	4.388666E-3	21.445513E-3	38.502359E-3	55.559206E-3	72.616053E-3	89.672899E-3
34.681000E+3	8.622000E+3	8.185000E+3	11.277000E+3	95.852000E+3	4.503000E+3	3.398000E+3	3.611000E+3	6.859000E+3	23.012000E+3

CH3
-104.423766E-3	-82.462659E-3	-60.501552E-3	-38.540444E-3	-16.579337E-3	5.381770E-3	27.342877E-3	49.303985E-3	71.265092E-3	93.226199E-3
10.864000E+3	11.314000E+3	10.242000E+3	25.002000E+3	7.497000E+3	94.930000E+3	7.258000E+3	10.216000E+3	11.628000E+3	11.049000E+3

CH4
-88.353589E-3	-69.850404E-3	-51.347220E-3	-32.844036E-3	-14.340851E-3	4.162333E-3	22.665517E-3	41.168702E-3	59.671886E-3	78.175070E-3
24.662000E+3	6.717000E+3	3.943000E+3	4.141000E+3	14.320000E+3	86.489000E+3	7.032000E+3	10.189000E+3	9.191000E+3	33.316000E+3

CH5
-4.482217E-3	-1.828132E-3	825.953484E-6	3.480039E-3	6.134124E-3	8.788209E-3	11.442294E-3	14.096379E-3	16.750464E-3	19.404550E-3
167.000000E+0	784.000000E+0	115.687000E+3	24.555000E+3	24.040000E+3	18.149000E+3	11.210000E+3	4.365000E+3	904.000000E+0	139.000000E+0

CH6
-259.174049E-3	-201.419318E-3	-143.664587E-3	-85.909855E-3	-28.155124E-3	29.599607E-3	87.354338E-3	145.109069E-3	202.863801E-3	260.618532E-3
21.003000E+3	5.580000E+3	4.561000E+3	4.876000E+3	94.545000E+3	27.952000E+3	7.095000E+3	4.835000E+3	5.427000E+3	24.126000E+3

CH7
-360.000002E-3	-280.000007E-3	-200.000012E-3	-120.000017E-3	-40.000021E-3	39.999974E-3	119.999969E-3	199.999964E-3	279.999959E-3	359.999955E-3
47.061000E+3	4.775000E+3	4.818000E+3	5.413000E+3	63.162000E+3	34.497000E+3	5.763000E+3	5.001000E+3	4.741000E+3	24.769000E+3

CH8
-305.795519E-3	-241.059806E-3	-176.324093E-3	-111.588380E-3	-46.852667E-3	17.883046E-3	82.618759E-3	147.354472E-3	212.090185E-3	276.825898E-3
21.446000E+3	5.771000E+3	4.923000E+3	5.778000E+3	24.041000E+3	102.006000E+3	5.616000E+3	4.976000E+3	6.220000E+3	19.223000E+3
